231B ,  2
B307K ,  1
B307J ,  1
546C ,  2
B307H ,  1
381C ,  4
B307C ,  1
B307B ,  1
B307A ,  1
B307G ,  1
B307E ,  1
B307D ,  1
340 ,  2
342 ,  4
812 ,  5
712 ,  5
423 ,  2
260H ,  3
B105C ,  4
392B ,  3
392A ,  3
591 ,  3
592 ,  3
271 ,  5
274 ,  5
204A ,  5
278 ,  3
525 ,  1
527 ,  1
521 ,  5
523 ,  4
546A ,  2
448 ,  2
442 ,  4
440 ,  2
446 ,  4
108 ,  5
109 ,  5
102 ,  5
100 ,  5
106 ,  5
104 ,  5
105 ,  5
367A ,  2
640 ,  2
642 ,  4
B340 ,  1
108A ,  5
B342 ,  1
B227 ,  1
B225 ,  1
432 ,  2
430 ,  2
431 ,  2
B150 ,  2
331 ,  2
330 ,  2
B127 ,  3
B129 ,  3
740 ,  2
742 ,  4
748 ,  2
556 ,  3
551 ,  3
235 ,  2
208B ,  5
208C ,  5
208A ,  5
230 ,  1
231 ,  1
233 ,  2
446B ,  4
127H ,  1
127A ,  1
127B ,  1
127C ,  1
127D ,  1
127G ,  1
146 ,  2
144 ,  4
142 ,  4
140 ,  4
612 ,  5
B107 ,  4
148 ,  2
149 ,  2
B144A ,  4
381B ,  4
306C ,  5
306B ,  5
306E ,  5
306J ,  5
306H ,  5
122 ,  1
306L ,  5
B308 ,  1
B301 ,  1
B304 ,  4
B307 ,  1
B110 ,  5
B112 ,  5
324K ,  2
130 ,  2
137 ,  2
135 ,  2
324L ,  2
324C ,  2
324A ,  2
731A ,  1
491 ,  2
492 ,  4
408 ,  5
B242 ,  4
379 ,  3
378 ,  3
371 ,  1
374 ,  5
377 ,  3
708 ,  5
392 ,  3
391 ,  5
227B ,  1
592B ,  3
374B ,  5
374C ,  5
374A ,  5
412 ,  5
580 ,  3
244 ,  4
246 ,  2
240 ,  2
531B ,  2
531A ,  3
248 ,  2
148A ,  2
512 ,  5
623 ,  4
621 ,  4
627 ,  1
625 ,  1
B244 ,  4
451 ,  3
629 ,  1
B240 ,  4
456 ,  3
179 ,  5
178 ,  5
177 ,  5
B105B ,  4
174 ,  5
171 ,  5
B105D ,  4
650 ,  2
B144 ,  4
B140 ,  3
308D ,  5
308C ,  5
308B ,  5
205A ,  4
277 ,  3
233A ,  2
104A ,  5
233C ,  2
323 ,  2
321 ,  5
327 ,  1
324 ,  2
325 ,  1
201 ,  5
203 ,  4
202 ,  5
205 ,  4
204 ,  5
206 ,  5
208 ,  5
631A ,  1
206B ,  5
206C ,  5
206D ,  5
B327A ,  1
B327C ,  1
B327B ,  1
542 ,  4
540 ,  2
B208B ,  4
546 ,  2
131A ,  2
548 ,  2
B108 ,  5
B101 ,  4
146A ,  2
B106 ,  4
B105 ,  4
B104 ,  4
121 ,  5
B127A ,  3
123 ,  1
124 ,  1
125 ,  1
126 ,  1
128 ,  2
129 ,  2
133 ,  2
B202 ,  4
B203 ,  4
B205 ,  4
B206 ,  4
B207 ,  4
B209 ,  4
312 ,  5
139 ,  2
324F ,  2
365 ,  2
363 ,  2
360 ,  3
361 ,  2
380 ,  3
B108B ,  5
B108C ,  5
B108D ,  5
808 ,  5
574 ,  3
258 ,  3
251 ,  3
256 ,  3
731 ,  2
737 ,  2
242B ,  4
631 ,  2
633 ,  2
637 ,  2
465 ,  2
467 ,  2
461 ,  2
460 ,  3
463 ,  2
B250 ,  2
142A ,  4
142B ,  4
B308C ,  1
300A ,  5
233B ,  2
B327 ,  1
B206C ,  4
B206B ,  4
B206A ,  4
274A ,  5
274C ,  5
274B ,  5
648 ,  2
B104D ,  4
B104A ,  4
B104B ,  4
B104C ,  4
356 ,  3
408B ,  5
408C ,  5
408D ,  5
351 ,  3
348A ,  2
348B ,  2
B357 ,  1
260 ,  3
527A ,  1
527B ,  1
B315 ,  2
608D ,  5
304B ,  5
B304B ,  5
608C ,  5
531 ,  2
608B ,  5
115 ,  5
112 ,  5
508C ,  5
508B ,  5
B107A ,  4
B107C ,  4
B107B ,  4
B202A ,  4
260D ,  3
B212 ,  1
B211 ,  1
B210 ,  4
381F ,  4
260B ,  4
421 ,  5
260N ,  3
425 ,  1
424 ,  2
427 ,  1
308 ,  5
300 ,  5
304 ,  5
B135 ,  2
B131 ,  3
277A ,  3
174D ,  5
174E ,  5
174B ,  5
708C ,  5
708B ,  5
708D ,  5
B131A ,  3
B131B ,  3
B131C ,  3
750 ,  2
508 ,  5
561 ,  2
563 ,  2
229 ,  1
228 ,  1
225 ,  1
224 ,  1
223 ,  1
221 ,  5
546B ,  2
727 ,  1
725 ,  1
723 ,  4
729 ,  1
150 ,  3
200A ,  5
157 ,  3
156 ,  3
608 ,  5
378B ,  3
378F ,  3
378D ,  3
378K ,  3
378H ,  3
B103A ,  4
B103B ,  4
508D ,  5
B312 ,  1
B310 ,  1
144A ,  4
156D ,  3
492B ,  4
B131D ,  3
482 ,  5
481 ,  5
480 ,  5
474 ,  5
113 , 5
114 , 5
169 , 5
175 , 5
212 , 5
213 , 5
214 , 5
231A , 2
237 , 2
260M , 3
269 , 5
275 , 5
279 , 4
313 , 5
314 , 5
324N , 2
328 , 2 
331A , 2
331B , 2
331C , 2
331D , 2
334 , 2 
348C , 2
367B , 2
369 , 5
375 , 5
378L , 3
410 , 2
413 , 5
414 , 5
428 , 2
446A , 4
448A , 2
448B , 2
465B , 2
469 , 5
470 , 5
472 , 5
476 , 5
478 , 5
492A , 4
513 , 5
514 , 5
548A , 2
548B , 2
592A , 3
613 , 5
614 , 5
635 , 2
713 , 5
714 , 5
733 , 2
735 , 2
814 , 5
B105A , 4
B113 , 5
B114 , 5
B133 , 2
B136 , 2
B208A , 4 
B213 , 1
B214 , 1
B313 , 1
B314 , 1
B355 , 1
B146, 4
B307F, 1
